es: 4105.627077276875 484.4495939046408
et: 3932.4124808580414 679.3055635447981
dv: 4955.109589041096 685.4024827301888
gu: 4457.745934959349 778.3619124493246
sk: 4154.873766667299 676.6475787410942
und: 3632.260601412908 1057.5079271983943
ta: 4575.653201853392 502.3631465229752
zh: 4783.286113723923 872.8569966322052
el: 4544.721854304636 706.6058515564018
en: 4262.714904972872 454.6714422237108
lv: 3803.300165607953 729.0578194164756
lt: 4317.790828258222 830.3293895576223
no: 3983.8079241306637 686.8247864891558
sl: 4015.1363462623117 582.8289934265108
ne: 4654.413722478239 431.03474042660997
uk: 4852.172726801183 451.265641301933
th: 4849.972639058657 673.7906815854391
ht: 3831.1784525825997 709.7017072956647
hu: 3799.9856193212186 781.6403720118208
ja: 4554.500158929493 1014.289396597713
hi: 4828.148976821359 444.58609005652613
tr: 4337.466430080028 478.15843563832004
lo: 4088.3555555555554 818.2347592221287
bg: 4606.12192981694 624.9717335919464
sv: 4016.9236968353152 620.9331203006938
he: 4073.703647863499 654.4750011757609
nl: 4029.5234824452004 597.0872481071922
ru: 4652.26148112246 530.5215126341493
fr: 4146.239457342383 460.52710856407367
chr: 4609.304347826087 857.0798341782437
si: 4753.418495297806 535.0676095646788
hy: 4372.049858557284 934.5831854580961
fa: 4207.599602845796 666.3044503647415
bn: 4869.964657980456 395.47968056673903
bo: 3842.265415549598 928.2177822420792
de: 4356.3727682969675 575.2589386563748
fi: 3826.51406051821 732.5103579278755
da: 4028.31276809925 789.9065575035024
tl: 3905.257787893046 574.8619777185187
ml: 4826.7213114754095 483.17781743841175
pt: 3967.6175010769553 538.3702155599817
ur: 4648.153529923314 497.69031728911114
iu: 4198.847524752476 958.649658034833
it: 4060.4343258106232 587.3078249870588
te: 4098.580765639589 974.4472285728777
vi: 4142.88677256999 882.9250124608714
is: 3679.274072195452 972.5815276755484
kn: 3949.945945945946 1305.5772899913757
my: 4996.927444794953 581.6070343194004
am: 5195.056122448979 403.20586719449864
ka: 4610.604001861331 713.7252287748121
pa: 4210.096412556054 915.0479156929621
km: 5062.736720554272 475.95237206687085
ar: 4506.8041717264405 492.7892558949027
id: 4156.102071307554 459.2995016065094
ko: 4494.100475874773 939.7762089985042
or: 4113.446808510638 1144.2369158138074
pl: 4132.838139678547 633.2306351626842
